1 0.173276 0.099865 0.335454 0.194332
1 0.183397 0.316464 0.320995 0.171390
1 0.176650 0.519568 0.336418 0.180837
1 0.193037 0.696356 0.332562 0.202429
1 0.511622 0.877193 0.333526 0.194332
1 0.174240 0.885965 0.327742 0.163293
1 0.513068 0.676113 0.305572 0.191633
1 0.512586 0.485830 0.314247 0.180837
1 0.518369 0.295547 0.302680 0.218623
1 0.517406 0.098516 0.312319 0.175439
1 0.832617 0.113360 0.308463 0.167341
1 0.828279 0.305668 0.305572 0.182186
1 0.825869 0.502699 0.277617 0.157895
1 0.835027 0.697706 0.282437 0.175439
1 0.836472 0.890688 0.285329 0.191633