1 0.132190 0.064103 0.264380 0.128205
1 0.497412 0.068151 0.311598 0.136302
1 0.850574 0.067476 0.298851 0.113360
1 0.843916 0.282726 0.312167 0.136302
1 0.452803 0.259784 0.358204 0.155196
1 0.147503 0.282726 0.295006 0.133603
1 0.148169 0.502024 0.296338 0.178138
1 0.143509 0.711201 0.287017 0.129555
1 0.133521 0.906883 0.267042 0.143050
1 0.471446 0.906883 0.320919 0.145749
1 0.485428 0.709177 0.338230 0.141700
1 0.478104 0.495951 0.312929 0.141700
1 0.841253 0.509447 0.317494 0.182186
1 0.857898 0.717274 0.284203 0.141700
1 0.847911 0.927800 0.304178 0.136302