1 0.181114 0.130904 0.304227 0.164642
1 0.504423 0.149123 0.290051 0.168691
1 0.844089 0.126856 0.304227 0.151147
1 0.819554 0.272605 0.314040 0.132254
1 0.498426 0.311741 0.291142 0.143050
1 0.193654 0.300270 0.300955 0.141700
1 0.188202 0.429150 0.327126 0.129555
1 0.195835 0.564103 0.300955 0.113360
1 0.504969 0.561403 0.286780 0.107962
1 0.512056 0.448718 0.294413 0.117409
1 0.820099 0.404184 0.315131 0.117409
1 0.829913 0.555331 0.299865 0.149798
1 0.808105 0.692308 0.312950 0.145749
1 0.819009 0.840756 0.321673 0.145749
1 0.500062 0.842780 0.294413 0.128205
1 0.510966 0.695682 0.311860 0.139001
1 0.172391 0.692308 0.317312 0.143050
1 0.177298 0.842780 0.290051 0.147099